39421
32929
33753
31129
31517
40276
34464
36249
38413
34586
30301
39844
42440
33879
29907
33743
33496
34067
39621
36281
31839
34522
35692
30807
35184
30380
30817
48426
32139
37174
48780
37657
29554
46946
36043
31481
33437
32392
32076
32969
35099
36107
30139
37745
34297
32253
30283
36584
38924
32253
31662
29655
37899
33200
33514
29264
55890
34672
33579
29573
30044
32894
34162
30022
29754
33990
37419
30325
32257
31127
29738
34188
33528
29388
31951
32357
36902
29996
29883
39995
38389
32899
31043
31618
38084
32838
33217
32984
36056
33468
32249
33061
46043
31503
32706
33871
30177
29459
31195
33369
32143
35878
32456
36447
31990
34962
32829
32344
28132
7642
3680
7398
11480
11424
11360
12390
11447
11864
12324
23276
26701
27033
15101
14770
15355
15081
15621
15900
13957
13241
14365
15023
15739
16023
25985
16077
16620
16910
15236
16503
15361
26791
16625
16044
16320
15415
14290
14023
15681
15319
15832
16650
12489
12178
10740
11716
12461
12919
11481
11708
12208
12666
21645
9347
8900
28455
10243
7476
11066
11255
18053
12299
11366
11559
12001
10587
12133
12373
12430
20531
10314
8456
32936
10387
10390
10775
13254
9692
33350
15787
10806
24823
19854
7215
7292
8440
19481
15319
4778
7324
7666
9643
10564
7648
7365
15515
13789
12712
9441
7864
9724
8013
7401
7084
14216
9989
10824
11270
11459
27796
20959
8816
8405
42166
35719
9060
8603
11829
17922
11167
17653
28776
19821
24313
21631
15266
7249
7060
10284
17975
4537
3428
19964
15316
7230
7314
6770
12840
11459
10574
11332
11519
19918
9844
7999
21074
10423
19713
11500
16354
22012
19038
20563
58539
47726
21502
14224
22525
3986
3495
10795
7603
7376
7563
7564
7640
7318
7554
7698
7360
7811
7584
28157
71428
107784
35126
34394
10471
56505
59679
66194
84144
138674
58902
118927
120141
83942
74980
70599
63399
77960
62274
73217
35986
64686
62355
63817
52800
28708
73002
77871
72794
73611
85482
75591
73109
77845
99361
28344
207288
82847
84223
82867
79554
81489
76648
78579
73294
75725
88873
91899
91908
80167
84476
76648
79118
109457
82972
83492
92062
78579
76509
81643
102657
82968
104050
108497
61102
95534
82853
83058
75725
84622
78579
93528
101711
96796
61341
73498
72579
74300
74552
74247
71828
74134
60836
72583
71675
73190
85068
74508
72693
77500
962732
83107
79645
84731
76216
91881
78572
76074
142577
367374
82440
79128
138189
76216
78571
113395
82565
79136
81805
76216
112437
133054
82443
81743
86062
152599
82776
81778
82816
79420
81775
84673
76216
78571
88020
82696
179796
137377
153125
128315
506041
82751
82034
89379
102512
81694
79380
86731
82752
93830
82735
86989
220025
151426
165661
93304
94681
189954
79625
84396
94121
302531
277906
311967
312647
312627
312642
312582
312689
312587
312262
312263
312139
312058
307099
306994
307224
307068
307041
312182
312100
312189
312487
312294
312408
312622
312607
312519
312668
312627
312716
312686
312186
312336
311662
307058
307151
306992
306772
8634003
235846
181958
82681
79321
82522
103328
218947
135347
82713
79341
81436
78572
215895
82715
81698
95495
78572
93164
94538
367637
82771
79387
105891
189978
82711
86430
112261
104908
84078
82839
77614
250013
85656
261582
228617
228874
229564
224899
258900
258465
224921
259148
229602
230547
230269
82008
40582
42096
26879
34402
229691
261949
261730
259360
258922
260768
258250
7256434
845703
82652
84553
79111
82717
461077
82820
79412
113472
121571
82616
77577
831825
208694
82955
81919
176745
78572
82521
89022
583049
118328
79538
86824
127740
110129
119287
383302
79534
81898
92550
82812
82037
149953
79514
331430
331924
82562
79343
77323
82453
82810
98632
79530
394522
82731
81971
212072
139207
83122
82979
77555
121753
107300
82472
89475
92632
90209
88917
84377
84686
82364
85247
79870
75892
73834
73908
77748
72675
72391
75299
74624
79627
103572
80880
81566
112108
91696
76242
75321
78989
83696
78312
88446
2204615
589422
83832
80649
78312
81360
2559576
83590
102767
83560
97720
3818684
82637
82525
154216
82507
88144
78312
106619
105781
103046
93809
95186
831646
63368
40600
182143
109257
117003
2077677
84713
113014
401020
814172
83986
83048
79866
171700
91077
1049310
500898
251406
289271
533377
83816
85827
80197
79819
89442
88635
87144
83800
87936
76242
78312
83770
105284
96189
83667
99961
696236
82670
81952
84021
82532
2274494
117631
83987
82797
427538
84221
83256
82675
88696
76242
84143
80465
98375
86853
161700
83962
105054
477381
83834
88100
85106
415813
362598
83259
129937
123752
130462
103276
361821
512284
83229
89973
92504
97544
98006
93859
579779
94429
123513
133968
105468
82615
93652
82618
94700
139266
105548
113018
170281
82712
79316
81825
76242
82615
108613
76242
115894
126783
82615
117429
163587
188914
83271
138242
222850
263926
202465
126733
83844
119262
83229
97472
84542
108698
116845
106322
83226
76242
519612
83954
105878
92918
496432
316799
83931
108966
95996
76242
113115
83294
370251
83355
111060
107100
106846
416612
172572
213351
83290
117250
124758
130115
145696
160695
83270
183619
137053
150146
134653
149899
83261
114624
92066
101821
92387
81926
123178
200126
106799
83038
79564
125377
136098
199761
83248
83199
116420
104552
97371
100565
100334
230629
214737
182308
122419
139066
96407
96168
272470
345672
110812
83217
166783
109543
117690
509695
106778
83248
225665
274006
157079
136388
83260
83224
149721
78317
339753
84233
426671
83276
79814
108262
85920
119057
83562
82664
106949
99013
128805
230718
83241
86117
286463
364396
83220
160788
118737
175218
125434
140621
83916
103732
309926
123944
83219
76242
138593
95070
107217
83258
115566
195279
83275
76242
109071
117526
369639
84104
75321
83123
109076
84338
101901
103796
122245
113796
92699
106060
87295
81926
101825
84874
79533
183190
106659
114609
134755
83236
152657
148712
83232
165117
108460
108784
83289
116440
149915
164860
103096
83477
79937
83359
110352
83293
118174
98991
82841
361407
364986
109061
82625
101025
101081
104971
102668
82630
106293
109522
118015
84248
112465
191007
109390
112177
119825
112641
83197
115806
107926
112365
109363
83307
117667
311850
83993
157658
187335
164433
83896
194249
83971
235252
186855
84680
131854
178099
83271
151272
110114
83946
118533
301076
188221
809737
84179
80645
185380
178250
83257
217384
215055
177379
110114
83946
348648
83315
79829
248606
171470
83335
84906
184207
186564
136051
83238
159643
142570
83286
157952
130709
147274
106150
113997
154125
83366
87355
207094
197140
220509
108826
116400
229347
349061
83873
467020
421305
300861
83812
112735
120046
106672
83331
97586
114741
138681
83921
153248
112371
83906
120161
163667
121974
139039
170897
186632
159793
83360
196785
341172
83928
78328
106319
114103
337399
121964
113218
121099
107672
116474
110242
118519
231065
279577
182957
84081
181308
219694
1339836
83240
95044
122670
116653
84248
156829
83336
176409
136376
123627
126933
141774
127670
236071
83233
286432
193345
83257
193953
84246
722733
181504
99569
82726
81988
81873
224361
222712
270368
110250
82719
81971
83280
154344
83589
97042
131946
121230
88959
121873
58244
154583
83589
63572
248431
304169
83302
159638
84139
232203
278534
83283
433595
83312
107112
115565
83326
145709
167815
83243
78330
109240
84210
187064
74497
184237
121447
82580
87733
82525
85131
87289
87775
84763
81884
89403
182754
135456
154855
839289
83930
410406
185447
83934
232006
107303
83297
76324
115770
138491
161652
183294
84214
221525
181743
106411
114584
179312
83203
102786
90111
99384
185215
106778
115241
399694
84486
100785
136999
517909
505098
360171
109471
82520
94835
76242
107824
115273
143888
83922
115360
83328
98694
186299
155961
135232
84126
329946
83281
83111
64097
146995
187159
109507
83500
83369
208900
83355
106494
114742
148422
83222
469321
83265
173504
210498
203709
83783
80345
102076
122428
136515
102357
92188
100509
96535
230886
306456
108580
83135
177590
167660
117194
95157
217665
206194
83930
195686
186348
128714
144125
141376
148208
83241
748257
184754
176380
116028
82720
84627
83742
83287
80092
160876
83183
89632
130953
112333
105671
200170
200771
115862
83263
113229
84042
124186
527664
611230
568685
83400
82359
1563138
83006
46389
79366
60875
83080
84907
107102
1564238
79626
84268
312697
261219
673471
450499
133612
83162
80267
79934
121413
141074
190220
83828
85287
85057
89678
111515
96663
314613
83597
158921
83956
85407
92854
191448
96057
79761
170740
118885
84002
78334
183591
135583
106828
83582
114974
321652
84015
132768
83383
82856
85491
109601
104421
285078
83972
78334
607381
83318
88033
100686
131987
130152
255673
82726
85252
85483
76242
182567
116192
111997
82710
85529
83796
85260
83334
81946
80109
82684
129070
182786
110389
119313
127729
102178
82579
92147
88795
86879
87351
83344
86395
85461
82518
83844
81847
82220
105696
152224
82622
177194
109538
117678
109969
114797
107177
106561
83542
114514
170087
83564
118169
142183
2471586
83290
98296
83322
92605
79576
105826
83299
182796
1093301
83528
90410
80392
170007
1256878
707032
83522
83343
49308
84946
73477
100336
79869
82258
866530
1143796
83328
327446
78336
96114
327453
83549
90892
461898
341961
378934
282770
864339
83515
101306
93067
329746
121610
323292
83288
99979
189648
127216
120097
91895
83335
132316
150094
123095
93454
1028921
83533
111123
83902
194376
84898
185036
108260
83220
108789
90432
98736
94766
94527
92812
115874
108222
83374
95178
84677
107968
100746
96590
116078
119182
200681
241216
217551
233100
84709
1817953
83301
77803
550533
83295
80651
181984
153647
592396
759092
83307
182956
195380
222718
638993
83543
112608
419905
365015
83439
93544
179110
498515
242574
280119
732379
83377
101556
137552
970244
109835
83519
121058
151397
635389
571960
938184
83525
253636
83353
181153
116782
157636
85932
84122
131938
85276
216344
277532
2253212
83582
123712
92524
83499
1901803
83352
128338
795839
83503
83298
80663
106118
134945
83842
99404
412266
230351
87983
83313
332109
90678
186130
140042
109463
117580
163477
83262
204209
109375
83246
117667
110997
83286
177703
216198
245975
2362062
315353
83347
85748
104903
94685
83070
84125
182806
1318511
5794404
3526778
4515157
1719587
2251539
84141
502411
84161
88383
111177
95860
85691
84138
51384
41382
86469
90907
95465
3440014
108958
116292
83390
106297
155490
83376
85315
138827
184521
1861047
84455
36141
47209
73900
71436
33579
35311
83236
35842
59110
103128
111151
136260
153780
148724
176085
106635
114682
170219
83985
88610
113826
103584
83397
94285
79924
185029
406673
189323
162631
83319
85246
135990
105825
189805
471950
268039
83510
33272
100942
45795
43279
30545
95951
34958
328750
632598
264200
83420
109031
80119
205461
266592
173612
78072
82324
139983
118562
860619
126179
108365
84002
95806
88104
104336
109007
347097
83544
96393
1204847
83589
565293
83630
133349
111654
78034
191865
82659
85249
82750
83856
82658
82739
89964
88996
425302
99518
139275
83382
117375
89987
125996
122824
78945
70393
60440
34788
161219
104805
83541
164170
802010
285991
139106
109868
113962
125418
167635
137797
140999
103013
83357
106653
458101
83672
840803
171942
163824
83552
99027
102128
185454
76015
859950
322871
83642
151303
165887
127166
162429
82748
342304
79480
87136
240975
108270
117675
369655
206957
129773
83578
175944
209147
157473
132258
125704
130525
83474
108440
116479
667026
83579
104919
103707
328149
182754
181000
111644
224772
83552
2020679
2815159
2360462
83461
71886
50905
35968
34878
48500
33208
53137
34843
82557
85099
89813
95262
89236
35079
33967
207626
132800
